-1
0
-1
-2
-1
-2
-3
-4
-5
-4
-1
-2
-1
-2
-3
0
-1
-2
-3
-4
-5
-4
-5
-6
-7
-6
-7
-8
-9
-10
-11
-10
-11
-12
-13
-14
-15
-16
-17
-16
-17
-16
-13
-12
-9
-6
-7
-8
-9
-8
-5
-6
-7
-8
-9
-10
-9
-10
-9
-6
-7
-4
-5
-4
-5
-6
-7
-8
-7
-8
-9
-10
-11
-12
-13
-12
-13
-14
-15
-14
-15
-16
-17
-18
-19
-20
-21
-22
-23
-24
-25
-26
-27
-26
-27
-28
-29
-28
-25
-26
-23
-24
-25
-26
-25
-26
-27
-28
-29
-28
-29
-28
-27
-28
-29
-26
-27
-24
-23
-22
-23
-24
-25
-22
-23
-24
-25
-26
-27
-26
-27
-28
-29
-30
-31
-30
-31
-28
-27
-28
-27
-26
-27
-26
-27
-28
-29
-30
-31
-32
-33
-34
-35
-36
-37
-38
-39
-40
-41
-40
-41
-38
-39
-40
-41
-42
-43
-44
-45
-44
-45
-44
-41
-42
-43
-44
-45
-42
-43
-44
-45
-44
-43
-42
-39
-40
-39
-36
-37
-38
-39
-38
-39
-38
-39
-40
-37
-38
-37
-38
-39
-40
-41
-42
-43
-40
-39
-38
-39
-40
-41
-40
-41
-42
-43
-42
-43
-42
-43
-44
-45
-44
-45
-46
-43
-42
-41
-42
-41
-40
-41
-42
-43
-40
-41
-42
-43
-42
-43
-44
-45
-46
-47
-48
-49
-50
-49
-50
-49
-50
-49
-50
-51
-52
-53
-54
-55
-56
-57
-58
-59
-60
-61
-62
-61
-62
-61
-60
-61
-62
-59
-60
-61
-60
-61
-62
-63
-62
-63
-64
-65
-66
-67
-68
-65
-64
-65
-66
-67
-68
-69
-68
-65
-66
-65
-66
-65
-66
-67
-68
-69
-70
-71
-72
-73
-74
-73
-74
-75
-76
-75
-72
-73
-74
-75
-74
-75
-76
-75
-76
-77
-78
-79
-78
-79
-80
-79
-76
-77
-76
-73
-70
-69
-70
-67
-68
-69
-70
-69
-70
-71
-72
-69
-66
-67
-68
-69
-70
-71
-70
-67
-68
-69
-70
-69
-68
-67
-66
-67
-68
-69
-70
-71
-72
-73
-74
-75
-72
-73
-74
-75
-76
-75
-76
-73
-74
-73
-74
-75
-76
-77
-78
-79
-80
-81
-82
-83
-84
-85
-82
-83
-84
-81
-82
-83
-82
-83
-84
-81
-78
-77
-76
-77
-78
-77
-78
-79
-80
-81
-82
-83
-84
-85
-82
-83
-84
-83
-84
-83
-80
-77
-74
-73
-72
-71
-72
-73
-70
-71
-70
-69
-70
-71
-72
-73
-70
-69
-68
-67
-68
-67
-68
-69
-70
-71
-68
-67
-64
-63
-64
-65
-66
-67
-68
-69
-70
-71
-70
-71
-70
-71
-70
-71
-72
-73
-72
-69
-66
-67
-68
-69
-70
-71
-68
-67
-68
-69
-70
-71
-72
-73
-74
-75
-76
-77
-76
-77
-74
-75
-76
-77
-74
-73
-74
-73
-74
-75
-76
-77
-78
-79
-80
-81
-80
-79
-78
-77
-76
-77
-74
-71
-72
-71
-72
-73
-70
-69
-70
-71
-72
-73
-74
-75
-72
-69
-68
-69
-70
-71
-72
-73
-74
-71
-70
-69
-68
-69
-70
-71
-70
-69
-66
-63
-62
-61
-58
-55
-54
-55
-52
-53
-52
-53
-50
-51
-52
-53
-52
-53
-52
-53
-54
-55
-56
-57
-56
-53
-54
-55
-54
-55
-56
-57
-58
-59
-56
-57
-54
-51
-52
-53
-54
-55
-56
-57
-58
-55
-56
-53
-52
-51
-48
-49
-48
-49
-50
-51
-50
-51
-52
-51
-48
-49
-50
-51
-50
-51
-52
-53
-54
-51
-50
-47
-48
-49
-48
-49
-50
-49
-50
-51
-52
-51
-52
-51
-52
-53
-54
-55
-56
-55
-56
-57
-58
-59
-56
-55
-54
-53
-54
-55
-56
-57
-58
-59
-58
-59
-58
-57
-58
-59
-60
-61
-60
-57
-58
-59
-60
-61
-62
-63
-60
-61
-58
-57
-58
-59
-60
-61
-62
-61
-60
-57
-56
-57
-56
-55
-54
-51
-48
-47
-48
-49
-50
-51
-52
-53
-50
-51
-52
-53
-50
-49
-48
-45
-44
-41
-38
-35
-32
-33
-30
-31
-30
-31
-30
-31
-32
-33
-34
-35
-34
-33
-32
-33
-32
-33
-32
-31
-28
-29
-26
-27
-28
-27
-28
-29
-30
-31
-32
-31
-32
-29
-30
-29
-28
-25
-22
-23
-20
-17
-18
-19
-20
-21
-18
-17
-16
-17
-18
-19
-20
-17
-18
-19
-20
-19
-18
-17
-16
-15
-14
-13
-14
-15
-14
-13
-12
-13
-14
-13
-10
-11
-10
-9
-8
-7
-6
-5
-2
1
2
5
8
9
12
11
10
9
8
7
10
13
12
11
12
15
16
19
18
19
20
19
18
19
18
21
22
21
20
21
20
19
20
19
20
21
24
25
24
23
22
23
22
21
20
23
26
29
32
35
34
33
34
33
32
33
34
33
34
33
32
33
34
35
34
33
32
31
34
35
36
37
38
39
40
41
44
47
48
49
50
51
52
51
54
57
58
57
60
63
62
61
62
65
68
71
72
73
74
73
76
79
78
81
82
81
82
85
84
85
84
83
82
81
82
85
86
85
86
87
86
85
86
85
84
83
82
81
80
81
84
87
90
89
88
89
90
89
92
95
96
95
98
97
100
101
100
99
100
99
102
103
106
109
110
111
110
113
112
111
112
113
112
111
110
109
108
107
106
105
104
107
108
109
112
115
116
119
118
121
124
127
130
133
134
137
136
139
138
139
138
139
142
141
140
141
142
145
148
151
152
153
152
151
150
149
150
149
148
147
148
147
146
149
152
155
154
155
156
155
158
157
160
163
166
169
172
171
174
177
176
179
182
185
188
189
190
189
188
189
188
189
188
191
190
189
192
191
190
189
188
189
188
191
194
193
192
191
192
195
198
201
204
203
206
205
208
207
206
205
206
209
212
215
218
217
216
217
216
215
218
221
224
223
222
225
224
225
224
223
224
223
222
225
226
229
232
235
238
241
242
243
242
241
240
243
244
243
242
241
242
243
246
245
246
249
252
255
256
257
260
263
266
269
272
273
272
273
272
271
272
271
270
269
268
269
268
267
266
267
270
273
274
277
276
279
280
279
278
277
280
283
286
289
292
291
290
289
288
291
294
293
294
293
292
291
290
291
290
293
296
299
298
297
296
295
296
299
300
299
298
297
296
295
294
297
298
301
300
299
298
297
296
295
296
299
302
301
302
301
304
303
304
305
306
309
312
315
318
321
324
327
328
327
330
329
332
335
338
337
336
335
334
333
336
339
342
343
344
345
344
343
344
343
342
341
342
341
340
339
340
339
340
341
342
343
342
341
340
343
342
341
344
347
346
345
346
345
346
347
350
351
354
357
356
355
354
357
358
357
358
361
362
363
362
365
366
365
364
363
362
363
366
369
372
373
376
379
382
385
388
391
394
397
400
399
402
405
408
407
410
411
414
415
416
417
420
419
418
417
416
419
418
419
418
419
418
419
422
421
420
419
420
423
424
425
424
427
428
429
432
433
436
439
442
445
448
449
452
455
458
461
462
465
468
467
470
473
472
475
478
479
480
483
482
481
480
479
478
477
480
479
478
479
482
485
488
491
494
497
500
499
498
497
496
497
500
501
504
507
510
513
516
519
522
525
526
529
532
533
536
535
534
535
536
537
540
543
546
547
548
547
548
547
546
545
546
545
546
545
546
549
548
547
546
545
546
545
548
551
554
555
558
557
560
563
564
565
564
565
564
565
564
567
570
573
576
577
578
579
582
583
584
587
590
593
596
599
602
601
604
607
610
609
608
607
606
607
608
607
608
609
612
613
616
617
620
623
626
629
628
631
634
635
638
641
644
647
650
653
654
657
658
657
656
655
654
653
654
653
654
657
658
659
660
659
660
661
660
659
658
659
658
659
662
663
666
669
672
673
676
677
680
683
686
689
692
695
694
697
698
697
698
697
698
699
702
705
706
707
710
713
712
713
714
713
712
711
710
709
710
709
712
713
712
711
714
717
720
723
726
729
730
733
734
737
740
743
746
749
752
755
758
761
762
765
768
771
774
777
776
779
778
781
782
785
786
787
788
789
788
789
788
787
790
791
790
791
794
797
798
797
796
795
796
799
802
805
808
811
810
813
816
815
816
815
818
821
824
825
826
825
824
823
824
825
824
827
826
825
826
825
824
827
828
831
830
831
834
835
838
839
840
841
844
847
850
853
856
859
862
865
868
871
874
877
880
881
880
881
882
885
886
887
890
891
892
895
896
897
898
899
900
903
906
909
912
915
918
921
922
921
920
919
922
925
928
931
934
935
938
941
944
947
950
949
952
955
958
961
964
967
970
973
972
975
976
979
980
981
984
987
990
991
994
993
992
995
994
993
996
995
996
995
998
997
996
995
994
993
994
997
1000
1003
1006
1009
1012
1013
1016
1019
1022
1025
1026
1029
1030
1033
1036
1039
1042
1045
1048
1049
1050
1053
1054
1057
1058
1059
1062
1065
1066
1069
1068
1071
1074
1075
1074
1073
1072
1071
1070
1069
1070
1069
1068
1067
1070
1073
1076
1079
1082
1083
1084
1087
1090
1093
1096
1097
1100
1103
1106
1109
1110
1109
1108
1107
1106
1107
1110
1113
1116
1115
1114
1113
1112
1111
1110
1109
1112
1113
1114
1113
1112
1113
1112
1111
1114
1113
1116
1117
1120
1123
1124
1127
1130
1133
1136
1139
1142
1145
1148
1151
1154
1157
1160
1163
1166
1169
1172
1175
1176
1179
1182
1185
1188
1187
1186
1189
1192
1193
1196
1197
1200
1201
1204
1205
1206
1205
1204
1205
1208
1209
1212
1215
1216
1219
1222
1225
1228
1231
1234
1237
1240
1243
1246
1249
1252
1255
1258
1261
1262
1265
1268
1269
1272
1275
1278
1281
1282
1283
1284
1285
1286
1287
1288
1287
1286
1285
1286
1287
1286
1285
1284
1287
1290
1293
1294
1297
1296
1295
1298
1299
1302
1301
1300
1299
1302
1305
1308
1311
1314
1317
1320
1323
1326
1329
1332
1333
1336
1337
1338
1339
1340
1341
1342
1343
1344
1347
1348
1351
1352
1351
1352
1355
1356
1359
1362
1361
1360
1359
1358
1359
1360
1361
1360
1363
1366
1369
1368
1371
1374
1373
1376
1379
1380
1381
1384
1385
1388
1391
1394
1397
1400
1403
1406
1409
1412
1413
1412
1413
1414
1415
1418
1419
1422
1421
1420
1421
1420
1421
1420
1419
1418
1419
1420
1423
1424
1425
1428
1431
1434
1433
1436
1439
1440
1441
1444
1447
1448
1451
1454
1457
1460
1461
1464
1465
1466
1469
1472
1475
1478
1481
1484
1487
1488
1487
1486
1489
1492
1491
1490
1489
1488
1489
1488
1491
1490
1489
1488
1489
1490
1493
1494
1495
1496
1497
1500
1503
1502
1505
1508
1511
1514
1517
1520
1521
1522
1523
1526
1529
1532
1535
1538
1541
1544
1547
1550
1553
1552
1553
1556
1557
1558
1559
1560
1559
1558
1557
1556
1555
1554
1557
1558
1557
1558
1561
1564
1565
1568
1571
1574
1577
1580
1583
1586
1589
1592
1595
1598
1601
1604
1607
1610
1613
1616
1619
1622
1625
1628
1631
1634
1637
1640
1643
1646
1647
1650
1653
1654
1655
1654
1655
1656
1657
1658
1661
1664
1667
1670
1669
1670
1669
1670
1673
1676
1679
1682
1685
1688
1691
1694
1697
1700
1703
1706
1709
1712
1715
1718
1721
1724
1723
1722
1721
1720
1723
1726
1729
1730
1733
1734
1737
1738
1741
1742
1745
1748
1751
1754
1757
1758
1759
1758
1759
1758
1759
1758
1757
1760
1763
1766
1769
1772
1775
1778
1781
1784
1787
1790
1793
1796
1795
1796
1799
1802
1803
1804
1805
1806
1809
1810
1813
1814
1817
1818
1821
1822
1825
1828
1829
1830
1833
1832
1831
1830
1829
1832
1835
1838
1839
1840
1841
1844
1847
1850
1851
1852
1855
1858
1861
1860
1859
1858
1857
1858
1857
1856
1857
1858
1859
1862
1863
1864
1865
1868
1871
1874
1875
1878
1877
1876
1875
1874
1873
1874
1873
1872
1871
1870
1873
1876
1879
1882
1883
1886
1889
1892
1893
1896
1899
1902
1901
1900
1899
1898
1897
1898
1901
1904
1907
1910
1913
1914
1915
1918
1921
1922
1925
1928
1931
1934
1937
1940
1943
1946
1947
1948
1947
1946
1945
1944
1943
1942
1941
1940
1939
1938
1941
1944
1947
1950
1951
1954
1957
1960
1963
1966
1969
1972
1975
1978
1981
1984
1985
1988
1989
1992
1991
1990
1989
1988
1987
1986
1985
1984
1985
1988
1989
1992
1991
1990
1991
1992
1993
1994
1993
1994
1993
1992
1993
1996
1999
2002
2005
2006
2009
2012
2015
2018
2021
2024
2027
2030
2033
2036
2039
2042
2045
2048
2051
2054
2055
2056
2059
2062
2065
2068
2071
2072
2075
2078
2079
2078
2079
2078
2077
2076
2075
2074
2073
2074
2075
2074
2075
2074
2075
2078
2081
2084
2087
2090
2093
2096
2099
2102
2105
2108
2109
2112
2115
2118
2121
2124
2127
2128
2131
2132
2131
2130
2129
2128
2129
2132
2133
2134
2135
2136
2137
2140
2141
2142
2143
2142
2145
2148
2147
2150
2153
2156
2157
2156
2155
2154
2153
2156
2159
2162
2165
2168
2171
2174
2177
2180
2183
2186
2189
2192
2195
2196
2199
2200
2203
2204
2207
2208
2209
2212
2213
2216
2219
2222
2223
2226
2225
2224
2227
2226
2227
2226
2225
2226
2225
2224
2227
2230
2233
2232
2235
2238
2241
2244
2247
2248
2251
2254
2257
2260
2263
2266
2269
2272
2275
2278
2279
2282
2285
2288
2291
2294
2297
2300
2303
2304
2307
2310
2313
2312
2311
2312
2311
2310
2309
2310
2311
2312
2315
2318
2321
2324
2327
2330
2333
2336
2339
2342
2345
2348
2351
2354
2357
2360
2363
2366
2367
2370
2371
2374
2377
2380
2381
2384
2387
2390
2393
2396
2397
2400
2401
2404
2403
2402
2401
2402
2401
2400
2399
2400
2399
2402
2405
2408
2411
2414
2417
2420
2423
2426
2429
2432
2435
2438
2441
2444
2447
2450
2453
2456
2459
2462
2463
2466
2469
2472
2475
2478
2481
2484
2485
2488
2489
2490
2491
2494
2495
2496
2495
2494
2495
2496
2499
2502
2505
2506
2509
2512
2513
2516
2519
2522
2525
2528
2531
2534
2537
2540
2543
2546
2547
2550
2553
2556
2559
2562
2565
2568
2569
2572
2573
2574
2577
2580
2581
2582
2583
2582
2583
2586
2587
2586
2589
2592
2595
2598
2601
2604
2607
2610
2613
2614
2615
2614
2613
2614
2615
2618
2621
2622
2623
2624
2625
2628
2631
2634
2637
2640
2643
2646
2649
2652
2651
2652
2655
2658
2659
2660
2663
2666
2669
2672
2675
2678
2681
2684
2687
2690
2689
2688
2687
2686
2685
2686
2687
2688
2689
2692
2695
2698
2699
2702
2705
2708
2711
2714
2717
2720
2723
2724
2727
2728
2729
2732
2733
2734
2737
2736
2735
2734
2737
2740
2743
2746
2749
2752
2755
2754
2755
2754
2753
2754
2755
2754
2757
2760
2763
2766
2767
2770
2771
2774
2777
2780
2783
2786
2785
2786
2787
2788
2791
2792
2793
2796
2797
2798
2801
2804
2807
2810
2813
2816
2819
2822
2823
2826
2829
2832
2833
2836
2835
2834
2837
2838
2841
2842
2845
2848
2851
2854
2857
2860
2863
2866
2869
2872
2873
2874
2877
2880
2883
2886
2889
2892
2895
2898
2901
2904
2907
2910
2913
2916
2919
2922
2925
2928
2927
2926
2925
2928
2929
2928
2927
2926
2925
2928
2931
2932
2935
2936
2939
2942
2945
2948
2951
2954
2957
2960
2963
2966
2969
2972
2975
2978
2981
2984
2987
2990
2993
2994
2995
2998
3001
3004
3007
3008
3011
3014
3015
3018
3021
3022
3021
3022
3021
3024
3027
3030
3033
3036
3039
3042
3045
3046
3049
3050
3051
3052
3053
3056
3057
